canvas 0 0 800 800
shape background rectangle
motion background 1.0 0.0 0.0 800.0 800.0 33.0 94.0 248.0  background 1.0 0.0 0.0 800.0 800.0 33.0 94.0 248.0
motion background 1.0 0.0 0.0 800.0 800.0 33.0 94.0 248.0  background 50.0 0.0 0.0 800.0 800.0 33.0 94.0 248.0
motion background 50.0 0.0 0.0 800.0 800.0 33.0 94.0 248.0  background 90.0 0.0 0.0 800.0 800.0 16.0 45.0 248.0
motion background 90.0 0.0 0.0 800.0 800.0 16.0 45.0 248.0  background 200.0 0.0 0.0 800.0 800.0 16.0 45.0 248.0
shape B0 rectangle
motion B0 1.0 80.0 424.0 100.0 326.0 0.0 0.0 0.0  B0 1.0 80.0 424.0 100.0 326.0 0.0 0.0 0.0
motion B0 1.0 80.0 424.0 100.0 326.0 0.0 0.0 0.0  B0 200.0 80.0 424.0 100.0 326.0 0.0 0.0 0.0
shape B1 rectangle
motion B1 1.0 260.0 365.0 100.0 385.0 0.0 0.0 0.0  B1 1.0 260.0 365.0 100.0 385.0 0.0 0.0 0.0
motion B1 1.0 260.0 365.0 100.0 385.0 0.0 0.0 0.0  B1 200.0 260.0 365.0 100.0 385.0 0.0 0.0 0.0
shape B2 rectangle
motion B2 1.0 440.0 375.0 100.0 375.0 0.0 0.0 0.0  B2 1.0 440.0 375.0 100.0 375.0 0.0 0.0 0.0
motion B2 1.0 440.0 375.0 100.0 375.0 0.0 0.0 0.0  B2 200.0 440.0 375.0 100.0 375.0 0.0 0.0 0.0
shape B3 rectangle
motion B3 1.0 620.0 445.0 100.0 305.0 0.0 0.0 0.0  B3 1.0 620.0 445.0 100.0 305.0 0.0 0.0 0.0
motion B3 1.0 620.0 445.0 100.0 305.0 0.0 0.0 0.0  B3 200.0 620.0 445.0 100.0 305.0 0.0 0.0 0.0
shape window000 rectangle
motion window000 1.0 100.0 850.0 20.0 20.0 255.0 255.0 255.0  window000 1.0 100.0 850.0 20.0 20.0 255.0 255.0 255.0
motion window000 1.0 100.0 850.0 20.0 20.0 255.0 255.0 255.0  window000 20.0 100.0 850.0 20.0 20.0 255.0 255.0 255.0
motion window000 20.0 100.0 850.0 20.0 20.0 255.0 255.0 255.0  window000 60.0 100.0 710.0 20.0 20.0 255.0 255.0 255.0
motion window000 60.0 100.0 710.0 20.0 20.0 255.0 255.0 255.0  window000 200.0 100.0 710.0 20.0 20.0 255.0 255.0 255.0
shape window001 rectangle
motion window001 1.0 140.0 850.0 20.0 20.0 255.0 255.0 255.0  window001 1.0 140.0 850.0 20.0 20.0 255.0 255.0 255.0
motion window001 1.0 140.0 850.0 20.0 20.0 255.0 255.0 255.0  window001 20.0 140.0 850.0 20.0 20.0 255.0 255.0 255.0
motion window001 20.0 140.0 850.0 20.0 20.0 255.0 255.0 255.0  window001 60.0 140.0 710.0 20.0 20.0 255.0 255.0 255.0
motion window001 60.0 140.0 710.0 20.0 20.0 255.0 255.0 255.0  window001 200.0 140.0 710.0 20.0 20.0 255.0 255.0 255.0
shape window010 rectangle
motion window010 1.0 100.0 890.0 20.0 20.0 255.0 255.0 255.0  window010 1.0 100.0 890.0 20.0 20.0 255.0 255.0 255.0
motion window010 1.0 100.0 890.0 20.0 20.0 255.0 255.0 255.0  window010 20.0 100.0 890.0 20.0 20.0 255.0 255.0 255.0
motion window010 20.0 100.0 890.0 20.0 20.0 255.0 255.0 255.0  window010 60.0 100.0 670.0 20.0 20.0 255.0 255.0 255.0
motion window010 60.0 100.0 670.0 20.0 20.0 255.0 255.0 255.0  window010 200.0 100.0 670.0 20.0 20.0 255.0 255.0 255.0
shape window011 rectangle
motion window011 1.0 140.0 890.0 20.0 20.0 255.0 255.0 255.0  window011 1.0 140.0 890.0 20.0 20.0 255.0 255.0 255.0
motion window011 1.0 140.0 890.0 20.0 20.0 255.0 255.0 255.0  window011 20.0 140.0 890.0 20.0 20.0 255.0 255.0 255.0
motion window011 20.0 140.0 890.0 20.0 20.0 255.0 255.0 255.0  window011 60.0 140.0 670.0 20.0 20.0 255.0 255.0 255.0
motion window011 60.0 140.0 670.0 20.0 20.0 255.0 255.0 255.0  window011 200.0 140.0 670.0 20.0 20.0 255.0 255.0 255.0
shape window020 rectangle
motion window020 1.0 100.0 930.0 20.0 20.0 255.0 255.0 255.0  window020 1.0 100.0 930.0 20.0 20.0 255.0 255.0 255.0
motion window020 1.0 100.0 930.0 20.0 20.0 255.0 255.0 255.0  window020 20.0 100.0 930.0 20.0 20.0 255.0 255.0 255.0
motion window020 20.0 100.0 930.0 20.0 20.0 255.0 255.0 255.0  window020 60.0 100.0 630.0 20.0 20.0 255.0 255.0 255.0
motion window020 60.0 100.0 630.0 20.0 20.0 255.0 255.0 255.0  window020 200.0 100.0 630.0 20.0 20.0 255.0 255.0 255.0
shape window021 rectangle
motion window021 1.0 140.0 930.0 20.0 20.0 255.0 255.0 255.0  window021 1.0 140.0 930.0 20.0 20.0 255.0 255.0 255.0
motion window021 1.0 140.0 930.0 20.0 20.0 255.0 255.0 255.0  window021 20.0 140.0 930.0 20.0 20.0 255.0 255.0 255.0
motion window021 20.0 140.0 930.0 20.0 20.0 255.0 255.0 255.0  window021 60.0 140.0 630.0 20.0 20.0 255.0 255.0 255.0
motion window021 60.0 140.0 630.0 20.0 20.0 255.0 255.0 255.0  window021 82.0 140.0 630.0 20.0 20.0 255.0 255.0 255.0
motion window021 82.0 140.0 630.0 20.0 20.0 255.0 255.0 255.0  window021 87.0 140.0 630.0 20.0 20.0 255.0 255.0 0.0
motion window021 87.0 140.0 630.0 20.0 20.0 255.0 255.0 0.0  window021 200.0 140.0 630.0 20.0 20.0 255.0 255.0 0.0
shape window030 rectangle
motion window030 1.0 100.0 970.0 20.0 20.0 255.0 255.0 255.0  window030 1.0 100.0 970.0 20.0 20.0 255.0 255.0 255.0
motion window030 1.0 100.0 970.0 20.0 20.0 255.0 255.0 255.0  window030 20.0 100.0 970.0 20.0 20.0 255.0 255.0 255.0
motion window030 20.0 100.0 970.0 20.0 20.0 255.0 255.0 255.0  window030 60.0 100.0 590.0 20.0 20.0 255.0 255.0 255.0
motion window030 60.0 100.0 590.0 20.0 20.0 255.0 255.0 255.0  window030 200.0 100.0 590.0 20.0 20.0 255.0 255.0 255.0
shape window031 rectangle
motion window031 1.0 140.0 970.0 20.0 20.0 255.0 255.0 255.0  window031 1.0 140.0 970.0 20.0 20.0 255.0 255.0 255.0
motion window031 1.0 140.0 970.0 20.0 20.0 255.0 255.0 255.0  window031 20.0 140.0 970.0 20.0 20.0 255.0 255.0 255.0
motion window031 20.0 140.0 970.0 20.0 20.0 255.0 255.0 255.0  window031 60.0 140.0 590.0 20.0 20.0 255.0 255.0 255.0
motion window031 60.0 140.0 590.0 20.0 20.0 255.0 255.0 255.0  window031 200.0 140.0 590.0 20.0 20.0 255.0 255.0 255.0
shape window040 rectangle
motion window040 1.0 100.0 1010.0 20.0 20.0 255.0 255.0 255.0  window040 1.0 100.0 1010.0 20.0 20.0 255.0 255.0 255.0
motion window040 1.0 100.0 1010.0 20.0 20.0 255.0 255.0 255.0  window040 20.0 100.0 1010.0 20.0 20.0 255.0 255.0 255.0
motion window040 20.0 100.0 1010.0 20.0 20.0 255.0 255.0 255.0  window040 60.0 100.0 550.0 20.0 20.0 255.0 255.0 255.0
motion window040 60.0 100.0 550.0 20.0 20.0 255.0 255.0 255.0  window040 200.0 100.0 550.0 20.0 20.0 255.0 255.0 255.0
shape window041 rectangle
motion window041 1.0 140.0 1010.0 20.0 20.0 255.0 255.0 255.0  window041 1.0 140.0 1010.0 20.0 20.0 255.0 255.0 255.0
motion window041 1.0 140.0 1010.0 20.0 20.0 255.0 255.0 255.0  window041 20.0 140.0 1010.0 20.0 20.0 255.0 255.0 255.0
motion window041 20.0 140.0 1010.0 20.0 20.0 255.0 255.0 255.0  window041 60.0 140.0 550.0 20.0 20.0 255.0 255.0 255.0
motion window041 60.0 140.0 550.0 20.0 20.0 255.0 255.0 255.0  window041 147.0 140.0 550.0 20.0 20.0 255.0 255.0 255.0
motion window041 147.0 140.0 550.0 20.0 20.0 255.0 255.0 255.0  window041 152.0 140.0 550.0 20.0 20.0 255.0 255.0 0.0
motion window041 152.0 140.0 550.0 20.0 20.0 255.0 255.0 0.0  window041 200.0 140.0 550.0 20.0 20.0 255.0 255.0 0.0
shape window050 rectangle
motion window050 1.0 100.0 1050.0 20.0 20.0 255.0 255.0 255.0  window050 1.0 100.0 1050.0 20.0 20.0 255.0 255.0 255.0
motion window050 1.0 100.0 1050.0 20.0 20.0 255.0 255.0 255.0  window050 20.0 100.0 1050.0 20.0 20.0 255.0 255.0 255.0
motion window050 20.0 100.0 1050.0 20.0 20.0 255.0 255.0 255.0  window050 60.0 100.0 510.0 20.0 20.0 255.0 255.0 255.0
motion window050 60.0 100.0 510.0 20.0 20.0 255.0 255.0 255.0  window050 200.0 100.0 510.0 20.0 20.0 255.0 255.0 255.0
shape window051 rectangle
motion window051 1.0 140.0 1050.0 20.0 20.0 255.0 255.0 255.0  window051 1.0 140.0 1050.0 20.0 20.0 255.0 255.0 255.0
motion window051 1.0 140.0 1050.0 20.0 20.0 255.0 255.0 255.0  window051 20.0 140.0 1050.0 20.0 20.0 255.0 255.0 255.0
motion window051 20.0 140.0 1050.0 20.0 20.0 255.0 255.0 255.0  window051 60.0 140.0 510.0 20.0 20.0 255.0 255.0 255.0
motion window051 60.0 140.0 510.0 20.0 20.0 255.0 255.0 255.0  window051 200.0 140.0 510.0 20.0 20.0 255.0 255.0 255.0
shape window060 rectangle
motion window060 1.0 100.0 1090.0 20.0 20.0 255.0 255.0 255.0  window060 1.0 100.0 1090.0 20.0 20.0 255.0 255.0 255.0
motion window060 1.0 100.0 1090.0 20.0 20.0 255.0 255.0 255.0  window060 20.0 100.0 1090.0 20.0 20.0 255.0 255.0 255.0
motion window060 20.0 100.0 1090.0 20.0 20.0 255.0 255.0 255.0  window060 60.0 100.0 470.0 20.0 20.0 255.0 255.0 255.0
motion window060 60.0 100.0 470.0 20.0 20.0 255.0 255.0 255.0  window060 147.0 100.0 470.0 20.0 20.0 255.0 255.0 255.0
motion window060 147.0 100.0 470.0 20.0 20.0 255.0 255.0 255.0  window060 152.0 100.0 470.0 20.0 20.0 255.0 255.0 0.0
motion window060 152.0 100.0 470.0 20.0 20.0 255.0 255.0 0.0  window060 200.0 100.0 470.0 20.0 20.0 255.0 255.0 0.0
shape window061 rectangle
motion window061 1.0 140.0 1090.0 20.0 20.0 255.0 255.0 255.0  window061 1.0 140.0 1090.0 20.0 20.0 255.0 255.0 255.0
motion window061 1.0 140.0 1090.0 20.0 20.0 255.0 255.0 255.0  window061 20.0 140.0 1090.0 20.0 20.0 255.0 255.0 255.0
motion window061 20.0 140.0 1090.0 20.0 20.0 255.0 255.0 255.0  window061 60.0 140.0 470.0 20.0 20.0 255.0 255.0 255.0
motion window061 60.0 140.0 470.0 20.0 20.0 255.0 255.0 255.0  window061 93.0 140.0 470.0 20.0 20.0 255.0 255.0 255.0
motion window061 93.0 140.0 470.0 20.0 20.0 255.0 255.0 255.0  window061 98.0 140.0 470.0 20.0 20.0 255.0 255.0 0.0
motion window061 98.0 140.0 470.0 20.0 20.0 255.0 255.0 0.0  window061 200.0 140.0 470.0 20.0 20.0 255.0 255.0 0.0
shape window100 rectangle
motion window100 1.0 280.0 -750.0 20.0 20.0 255.0 255.0 255.0  window100 1.0 280.0 -750.0 20.0 20.0 255.0 255.0 255.0
motion window100 1.0 280.0 -750.0 20.0 20.0 255.0 255.0 255.0  window100 20.0 280.0 -750.0 20.0 20.0 255.0 255.0 255.0
motion window100 20.0 280.0 -750.0 20.0 20.0 255.0 255.0 255.0  window100 60.0 280.0 710.0 20.0 20.0 255.0 255.0 255.0
motion window100 60.0 280.0 710.0 20.0 20.0 255.0 255.0 255.0  window100 200.0 280.0 710.0 20.0 20.0 255.0 255.0 255.0
shape window101 rectangle
motion window101 1.0 320.0 -750.0 20.0 20.0 255.0 255.0 255.0  window101 1.0 320.0 -750.0 20.0 20.0 255.0 255.0 255.0
motion window101 1.0 320.0 -750.0 20.0 20.0 255.0 255.0 255.0  window101 20.0 320.0 -750.0 20.0 20.0 255.0 255.0 255.0
motion window101 20.0 320.0 -750.0 20.0 20.0 255.0 255.0 255.0  window101 60.0 320.0 710.0 20.0 20.0 255.0 255.0 255.0
motion window101 60.0 320.0 710.0 20.0 20.0 255.0 255.0 255.0  window101 108.0 320.0 710.0 20.0 20.0 255.0 255.0 255.0
motion window101 108.0 320.0 710.0 20.0 20.0 255.0 255.0 255.0  window101 113.0 320.0 710.0 20.0 20.0 255.0 255.0 0.0
motion window101 113.0 320.0 710.0 20.0 20.0 255.0 255.0 0.0  window101 200.0 320.0 710.0 20.0 20.0 255.0 255.0 0.0
shape window110 rectangle
motion window110 1.0 280.0 -710.0 20.0 20.0 255.0 255.0 255.0  window110 1.0 280.0 -710.0 20.0 20.0 255.0 255.0 255.0
motion window110 1.0 280.0 -710.0 20.0 20.0 255.0 255.0 255.0  window110 20.0 280.0 -710.0 20.0 20.0 255.0 255.0 255.0
motion window110 20.0 280.0 -710.0 20.0 20.0 255.0 255.0 255.0  window110 60.0 280.0 670.0 20.0 20.0 255.0 255.0 255.0
motion window110 60.0 280.0 670.0 20.0 20.0 255.0 255.0 255.0  window110 95.0 280.0 670.0 20.0 20.0 255.0 255.0 255.0
motion window110 95.0 280.0 670.0 20.0 20.0 255.0 255.0 255.0  window110 100.0 280.0 670.0 20.0 20.0 255.0 255.0 0.0
motion window110 100.0 280.0 670.0 20.0 20.0 255.0 255.0 0.0  window110 200.0 280.0 670.0 20.0 20.0 255.0 255.0 0.0
shape window111 rectangle
motion window111 1.0 320.0 -710.0 20.0 20.0 255.0 255.0 255.0  window111 1.0 320.0 -710.0 20.0 20.0 255.0 255.0 255.0
motion window111 1.0 320.0 -710.0 20.0 20.0 255.0 255.0 255.0  window111 20.0 320.0 -710.0 20.0 20.0 255.0 255.0 255.0
motion window111 20.0 320.0 -710.0 20.0 20.0 255.0 255.0 255.0  window111 60.0 320.0 670.0 20.0 20.0 255.0 255.0 255.0
motion window111 60.0 320.0 670.0 20.0 20.0 255.0 255.0 255.0  window111 200.0 320.0 670.0 20.0 20.0 255.0 255.0 255.0
shape window120 rectangle
motion window120 1.0 280.0 -670.0 20.0 20.0 255.0 255.0 255.0  window120 1.0 280.0 -670.0 20.0 20.0 255.0 255.0 255.0
motion window120 1.0 280.0 -670.0 20.0 20.0 255.0 255.0 255.0  window120 20.0 280.0 -670.0 20.0 20.0 255.0 255.0 255.0
motion window120 20.0 280.0 -670.0 20.0 20.0 255.0 255.0 255.0  window120 60.0 280.0 630.0 20.0 20.0 255.0 255.0 255.0
motion window120 60.0 280.0 630.0 20.0 20.0 255.0 255.0 255.0  window120 200.0 280.0 630.0 20.0 20.0 255.0 255.0 255.0
shape window121 rectangle
motion window121 1.0 320.0 -670.0 20.0 20.0 255.0 255.0 255.0  window121 1.0 320.0 -670.0 20.0 20.0 255.0 255.0 255.0
motion window121 1.0 320.0 -670.0 20.0 20.0 255.0 255.0 255.0  window121 20.0 320.0 -670.0 20.0 20.0 255.0 255.0 255.0
motion window121 20.0 320.0 -670.0 20.0 20.0 255.0 255.0 255.0  window121 60.0 320.0 630.0 20.0 20.0 255.0 255.0 255.0
motion window121 60.0 320.0 630.0 20.0 20.0 255.0 255.0 255.0  window121 200.0 320.0 630.0 20.0 20.0 255.0 255.0 255.0
shape window130 rectangle
motion window130 1.0 280.0 -630.0 20.0 20.0 255.0 255.0 255.0  window130 1.0 280.0 -630.0 20.0 20.0 255.0 255.0 255.0
motion window130 1.0 280.0 -630.0 20.0 20.0 255.0 255.0 255.0  window130 20.0 280.0 -630.0 20.0 20.0 255.0 255.0 255.0
motion window130 20.0 280.0 -630.0 20.0 20.0 255.0 255.0 255.0  window130 60.0 280.0 590.0 20.0 20.0 255.0 255.0 255.0
motion window130 60.0 280.0 590.0 20.0 20.0 255.0 255.0 255.0  window130 200.0 280.0 590.0 20.0 20.0 255.0 255.0 255.0
shape window131 rectangle
motion window131 1.0 320.0 -630.0 20.0 20.0 255.0 255.0 255.0  window131 1.0 320.0 -630.0 20.0 20.0 255.0 255.0 255.0
motion window131 1.0 320.0 -630.0 20.0 20.0 255.0 255.0 255.0  window131 20.0 320.0 -630.0 20.0 20.0 255.0 255.0 255.0
motion window131 20.0 320.0 -630.0 20.0 20.0 255.0 255.0 255.0  window131 60.0 320.0 590.0 20.0 20.0 255.0 255.0 255.0
motion window131 60.0 320.0 590.0 20.0 20.0 255.0 255.0 255.0  window131 148.0 320.0 590.0 20.0 20.0 255.0 255.0 255.0
motion window131 148.0 320.0 590.0 20.0 20.0 255.0 255.0 255.0  window131 153.0 320.0 590.0 20.0 20.0 255.0 255.0 0.0
motion window131 153.0 320.0 590.0 20.0 20.0 255.0 255.0 0.0  window131 200.0 320.0 590.0 20.0 20.0 255.0 255.0 0.0
shape window140 rectangle
motion window140 1.0 280.0 -590.0 20.0 20.0 255.0 255.0 255.0  window140 1.0 280.0 -590.0 20.0 20.0 255.0 255.0 255.0
motion window140 1.0 280.0 -590.0 20.0 20.0 255.0 255.0 255.0  window140 20.0 280.0 -590.0 20.0 20.0 255.0 255.0 255.0
motion window140 20.0 280.0 -590.0 20.0 20.0 255.0 255.0 255.0  window140 60.0 280.0 550.0 20.0 20.0 255.0 255.0 255.0
motion window140 60.0 280.0 550.0 20.0 20.0 255.0 255.0 255.0  window140 200.0 280.0 550.0 20.0 20.0 255.0 255.0 255.0
shape window141 rectangle
motion window141 1.0 320.0 -590.0 20.0 20.0 255.0 255.0 255.0  window141 1.0 320.0 -590.0 20.0 20.0 255.0 255.0 255.0
motion window141 1.0 320.0 -590.0 20.0 20.0 255.0 255.0 255.0  window141 20.0 320.0 -590.0 20.0 20.0 255.0 255.0 255.0
motion window141 20.0 320.0 -590.0 20.0 20.0 255.0 255.0 255.0  window141 60.0 320.0 550.0 20.0 20.0 255.0 255.0 255.0
motion window141 60.0 320.0 550.0 20.0 20.0 255.0 255.0 255.0  window141 200.0 320.0 550.0 20.0 20.0 255.0 255.0 255.0
shape window150 rectangle
motion window150 1.0 280.0 -550.0 20.0 20.0 255.0 255.0 255.0  window150 1.0 280.0 -550.0 20.0 20.0 255.0 255.0 255.0
motion window150 1.0 280.0 -550.0 20.0 20.0 255.0 255.0 255.0  window150 20.0 280.0 -550.0 20.0 20.0 255.0 255.0 255.0
motion window150 20.0 280.0 -550.0 20.0 20.0 255.0 255.0 255.0  window150 60.0 280.0 510.0 20.0 20.0 255.0 255.0 255.0
motion window150 60.0 280.0 510.0 20.0 20.0 255.0 255.0 255.0  window150 200.0 280.0 510.0 20.0 20.0 255.0 255.0 255.0
shape window151 rectangle
motion window151 1.0 320.0 -550.0 20.0 20.0 255.0 255.0 255.0  window151 1.0 320.0 -550.0 20.0 20.0 255.0 255.0 255.0
motion window151 1.0 320.0 -550.0 20.0 20.0 255.0 255.0 255.0  window151 20.0 320.0 -550.0 20.0 20.0 255.0 255.0 255.0
motion window151 20.0 320.0 -550.0 20.0 20.0 255.0 255.0 255.0  window151 60.0 320.0 510.0 20.0 20.0 255.0 255.0 255.0
motion window151 60.0 320.0 510.0 20.0 20.0 255.0 255.0 255.0  window151 99.0 320.0 510.0 20.0 20.0 255.0 255.0 255.0
motion window151 99.0 320.0 510.0 20.0 20.0 255.0 255.0 255.0  window151 104.0 320.0 510.0 20.0 20.0 255.0 255.0 0.0
motion window151 104.0 320.0 510.0 20.0 20.0 255.0 255.0 0.0  window151 200.0 320.0 510.0 20.0 20.0 255.0 255.0 0.0
shape window160 rectangle
motion window160 1.0 280.0 -510.0 20.0 20.0 255.0 255.0 255.0  window160 1.0 280.0 -510.0 20.0 20.0 255.0 255.0 255.0
motion window160 1.0 280.0 -510.0 20.0 20.0 255.0 255.0 255.0  window160 20.0 280.0 -510.0 20.0 20.0 255.0 255.0 255.0
motion window160 20.0 280.0 -510.0 20.0 20.0 255.0 255.0 255.0  window160 60.0 280.0 470.0 20.0 20.0 255.0 255.0 255.0
motion window160 60.0 280.0 470.0 20.0 20.0 255.0 255.0 255.0  window160 200.0 280.0 470.0 20.0 20.0 255.0 255.0 255.0
shape window161 rectangle
motion window161 1.0 320.0 -510.0 20.0 20.0 255.0 255.0 255.0  window161 1.0 320.0 -510.0 20.0 20.0 255.0 255.0 255.0
motion window161 1.0 320.0 -510.0 20.0 20.0 255.0 255.0 255.0  window161 20.0 320.0 -510.0 20.0 20.0 255.0 255.0 255.0
motion window161 20.0 320.0 -510.0 20.0 20.0 255.0 255.0 255.0  window161 60.0 320.0 470.0 20.0 20.0 255.0 255.0 255.0
motion window161 60.0 320.0 470.0 20.0 20.0 255.0 255.0 255.0  window161 200.0 320.0 470.0 20.0 20.0 255.0 255.0 255.0
shape window170 rectangle
motion window170 1.0 280.0 -470.0 20.0 20.0 255.0 255.0 255.0  window170 1.0 280.0 -470.0 20.0 20.0 255.0 255.0 255.0
motion window170 1.0 280.0 -470.0 20.0 20.0 255.0 255.0 255.0  window170 20.0 280.0 -470.0 20.0 20.0 255.0 255.0 255.0
motion window170 20.0 280.0 -470.0 20.0 20.0 255.0 255.0 255.0  window170 60.0 280.0 430.0 20.0 20.0 255.0 255.0 255.0
motion window170 60.0 280.0 430.0 20.0 20.0 255.0 255.0 255.0  window170 200.0 280.0 430.0 20.0 20.0 255.0 255.0 255.0
shape window171 rectangle
motion window171 1.0 320.0 -470.0 20.0 20.0 255.0 255.0 255.0  window171 1.0 320.0 -470.0 20.0 20.0 255.0 255.0 255.0
motion window171 1.0 320.0 -470.0 20.0 20.0 255.0 255.0 255.0  window171 20.0 320.0 -470.0 20.0 20.0 255.0 255.0 255.0
motion window171 20.0 320.0 -470.0 20.0 20.0 255.0 255.0 255.0  window171 60.0 320.0 430.0 20.0 20.0 255.0 255.0 255.0
motion window171 60.0 320.0 430.0 20.0 20.0 255.0 255.0 255.0  window171 200.0 320.0 430.0 20.0 20.0 255.0 255.0 255.0
shape window180 rectangle
motion window180 1.0 280.0 -430.0 20.0 20.0 255.0 255.0 255.0  window180 1.0 280.0 -430.0 20.0 20.0 255.0 255.0 255.0
motion window180 1.0 280.0 -430.0 20.0 20.0 255.0 255.0 255.0  window180 20.0 280.0 -430.0 20.0 20.0 255.0 255.0 255.0
motion window180 20.0 280.0 -430.0 20.0 20.0 255.0 255.0 255.0  window180 60.0 280.0 390.0 20.0 20.0 255.0 255.0 255.0
motion window180 60.0 280.0 390.0 20.0 20.0 255.0 255.0 255.0  window180 200.0 280.0 390.0 20.0 20.0 255.0 255.0 255.0
shape window181 rectangle
motion window181 1.0 320.0 -430.0 20.0 20.0 255.0 255.0 255.0  window181 1.0 320.0 -430.0 20.0 20.0 255.0 255.0 255.0
motion window181 1.0 320.0 -430.0 20.0 20.0 255.0 255.0 255.0  window181 20.0 320.0 -430.0 20.0 20.0 255.0 255.0 255.0
motion window181 20.0 320.0 -430.0 20.0 20.0 255.0 255.0 255.0  window181 60.0 320.0 390.0 20.0 20.0 255.0 255.0 255.0
motion window181 60.0 320.0 390.0 20.0 20.0 255.0 255.0 255.0  window181 200.0 320.0 390.0 20.0 20.0 255.0 255.0 255.0
shape window200 rectangle
motion window200 1.0 460.0 850.0 20.0 20.0 255.0 255.0 255.0  window200 1.0 460.0 850.0 20.0 20.0 255.0 255.0 255.0
motion window200 1.0 460.0 850.0 20.0 20.0 255.0 255.0 255.0  window200 20.0 460.0 850.0 20.0 20.0 255.0 255.0 255.0
motion window200 20.0 460.0 850.0 20.0 20.0 255.0 255.0 255.0  window200 60.0 460.0 710.0 20.0 20.0 255.0 255.0 255.0
motion window200 60.0 460.0 710.0 20.0 20.0 255.0 255.0 255.0  window200 127.0 460.0 710.0 20.0 20.0 255.0 255.0 255.0
motion window200 127.0 460.0 710.0 20.0 20.0 255.0 255.0 255.0  window200 132.0 460.0 710.0 20.0 20.0 255.0 255.0 0.0
motion window200 132.0 460.0 710.0 20.0 20.0 255.0 255.0 0.0  window200 200.0 460.0 710.0 20.0 20.0 255.0 255.0 0.0
shape window201 rectangle
motion window201 1.0 500.0 850.0 20.0 20.0 255.0 255.0 255.0  window201 1.0 500.0 850.0 20.0 20.0 255.0 255.0 255.0
motion window201 1.0 500.0 850.0 20.0 20.0 255.0 255.0 255.0  window201 20.0 500.0 850.0 20.0 20.0 255.0 255.0 255.0
motion window201 20.0 500.0 850.0 20.0 20.0 255.0 255.0 255.0  window201 60.0 500.0 710.0 20.0 20.0 255.0 255.0 255.0
motion window201 60.0 500.0 710.0 20.0 20.0 255.0 255.0 255.0  window201 200.0 500.0 710.0 20.0 20.0 255.0 255.0 255.0
shape window210 rectangle
motion window210 1.0 460.0 890.0 20.0 20.0 255.0 255.0 255.0  window210 1.0 460.0 890.0 20.0 20.0 255.0 255.0 255.0
motion window210 1.0 460.0 890.0 20.0 20.0 255.0 255.0 255.0  window210 20.0 460.0 890.0 20.0 20.0 255.0 255.0 255.0
motion window210 20.0 460.0 890.0 20.0 20.0 255.0 255.0 255.0  window210 60.0 460.0 670.0 20.0 20.0 255.0 255.0 255.0
motion window210 60.0 460.0 670.0 20.0 20.0 255.0 255.0 255.0  window210 83.0 460.0 670.0 20.0 20.0 255.0 255.0 255.0
motion window210 83.0 460.0 670.0 20.0 20.0 255.0 255.0 255.0  window210 88.0 460.0 670.0 20.0 20.0 255.0 255.0 0.0
motion window210 88.0 460.0 670.0 20.0 20.0 255.0 255.0 0.0  window210 200.0 460.0 670.0 20.0 20.0 255.0 255.0 0.0
shape window211 rectangle
motion window211 1.0 500.0 890.0 20.0 20.0 255.0 255.0 255.0  window211 1.0 500.0 890.0 20.0 20.0 255.0 255.0 255.0
motion window211 1.0 500.0 890.0 20.0 20.0 255.0 255.0 255.0  window211 20.0 500.0 890.0 20.0 20.0 255.0 255.0 255.0
motion window211 20.0 500.0 890.0 20.0 20.0 255.0 255.0 255.0  window211 60.0 500.0 670.0 20.0 20.0 255.0 255.0 255.0
motion window211 60.0 500.0 670.0 20.0 20.0 255.0 255.0 255.0  window211 200.0 500.0 670.0 20.0 20.0 255.0 255.0 255.0
shape window220 rectangle
motion window220 1.0 460.0 930.0 20.0 20.0 255.0 255.0 255.0  window220 1.0 460.0 930.0 20.0 20.0 255.0 255.0 255.0
motion window220 1.0 460.0 930.0 20.0 20.0 255.0 255.0 255.0  window220 20.0 460.0 930.0 20.0 20.0 255.0 255.0 255.0
motion window220 20.0 460.0 930.0 20.0 20.0 255.0 255.0 255.0  window220 60.0 460.0 630.0 20.0 20.0 255.0 255.0 255.0
motion window220 60.0 460.0 630.0 20.0 20.0 255.0 255.0 255.0  window220 200.0 460.0 630.0 20.0 20.0 255.0 255.0 255.0
shape window221 rectangle
motion window221 1.0 500.0 930.0 20.0 20.0 255.0 255.0 255.0  window221 1.0 500.0 930.0 20.0 20.0 255.0 255.0 255.0
motion window221 1.0 500.0 930.0 20.0 20.0 255.0 255.0 255.0  window221 20.0 500.0 930.0 20.0 20.0 255.0 255.0 255.0
motion window221 20.0 500.0 930.0 20.0 20.0 255.0 255.0 255.0  window221 60.0 500.0 630.0 20.0 20.0 255.0 255.0 255.0
motion window221 60.0 500.0 630.0 20.0 20.0 255.0 255.0 255.0  window221 200.0 500.0 630.0 20.0 20.0 255.0 255.0 255.0
shape window230 rectangle
motion window230 1.0 460.0 970.0 20.0 20.0 255.0 255.0 255.0  window230 1.0 460.0 970.0 20.0 20.0 255.0 255.0 255.0
motion window230 1.0 460.0 970.0 20.0 20.0 255.0 255.0 255.0  window230 20.0 460.0 970.0 20.0 20.0 255.0 255.0 255.0
motion window230 20.0 460.0 970.0 20.0 20.0 255.0 255.0 255.0  window230 60.0 460.0 590.0 20.0 20.0 255.0 255.0 255.0
motion window230 60.0 460.0 590.0 20.0 20.0 255.0 255.0 255.0  window230 200.0 460.0 590.0 20.0 20.0 255.0 255.0 255.0
shape window231 rectangle
motion window231 1.0 500.0 970.0 20.0 20.0 255.0 255.0 255.0  window231 1.0 500.0 970.0 20.0 20.0 255.0 255.0 255.0
motion window231 1.0 500.0 970.0 20.0 20.0 255.0 255.0 255.0  window231 20.0 500.0 970.0 20.0 20.0 255.0 255.0 255.0
motion window231 20.0 500.0 970.0 20.0 20.0 255.0 255.0 255.0  window231 60.0 500.0 590.0 20.0 20.0 255.0 255.0 255.0
motion window231 60.0 500.0 590.0 20.0 20.0 255.0 255.0 255.0  window231 200.0 500.0 590.0 20.0 20.0 255.0 255.0 255.0
shape window240 rectangle
motion window240 1.0 460.0 1010.0 20.0 20.0 255.0 255.0 255.0  window240 1.0 460.0 1010.0 20.0 20.0 255.0 255.0 255.0
motion window240 1.0 460.0 1010.0 20.0 20.0 255.0 255.0 255.0  window240 20.0 460.0 1010.0 20.0 20.0 255.0 255.0 255.0
motion window240 20.0 460.0 1010.0 20.0 20.0 255.0 255.0 255.0  window240 60.0 460.0 550.0 20.0 20.0 255.0 255.0 255.0
motion window240 60.0 460.0 550.0 20.0 20.0 255.0 255.0 255.0  window240 200.0 460.0 550.0 20.0 20.0 255.0 255.0 255.0
shape window241 rectangle
motion window241 1.0 500.0 1010.0 20.0 20.0 255.0 255.0 255.0  window241 1.0 500.0 1010.0 20.0 20.0 255.0 255.0 255.0
motion window241 1.0 500.0 1010.0 20.0 20.0 255.0 255.0 255.0  window241 20.0 500.0 1010.0 20.0 20.0 255.0 255.0 255.0
motion window241 20.0 500.0 1010.0 20.0 20.0 255.0 255.0 255.0  window241 60.0 500.0 550.0 20.0 20.0 255.0 255.0 255.0
motion window241 60.0 500.0 550.0 20.0 20.0 255.0 255.0 255.0  window241 112.0 500.0 550.0 20.0 20.0 255.0 255.0 255.0
motion window241 112.0 500.0 550.0 20.0 20.0 255.0 255.0 255.0  window241 117.0 500.0 550.0 20.0 20.0 255.0 255.0 0.0
motion window241 117.0 500.0 550.0 20.0 20.0 255.0 255.0 0.0  window241 200.0 500.0 550.0 20.0 20.0 255.0 255.0 0.0
shape window250 rectangle
motion window250 1.0 460.0 1050.0 20.0 20.0 255.0 255.0 255.0  window250 1.0 460.0 1050.0 20.0 20.0 255.0 255.0 255.0
motion window250 1.0 460.0 1050.0 20.0 20.0 255.0 255.0 255.0  window250 20.0 460.0 1050.0 20.0 20.0 255.0 255.0 255.0
motion window250 20.0 460.0 1050.0 20.0 20.0 255.0 255.0 255.0  window250 60.0 460.0 510.0 20.0 20.0 255.0 255.0 255.0
motion window250 60.0 460.0 510.0 20.0 20.0 255.0 255.0 255.0  window250 128.0 460.0 510.0 20.0 20.0 255.0 255.0 255.0
motion window250 128.0 460.0 510.0 20.0 20.0 255.0 255.0 255.0  window250 133.0 460.0 510.0 20.0 20.0 255.0 255.0 0.0
motion window250 133.0 460.0 510.0 20.0 20.0 255.0 255.0 0.0  window250 200.0 460.0 510.0 20.0 20.0 255.0 255.0 0.0
shape window251 rectangle
motion window251 1.0 500.0 1050.0 20.0 20.0 255.0 255.0 255.0  window251 1.0 500.0 1050.0 20.0 20.0 255.0 255.0 255.0
motion window251 1.0 500.0 1050.0 20.0 20.0 255.0 255.0 255.0  window251 20.0 500.0 1050.0 20.0 20.0 255.0 255.0 255.0
motion window251 20.0 500.0 1050.0 20.0 20.0 255.0 255.0 255.0  window251 60.0 500.0 510.0 20.0 20.0 255.0 255.0 255.0
motion window251 60.0 500.0 510.0 20.0 20.0 255.0 255.0 255.0  window251 200.0 500.0 510.0 20.0 20.0 255.0 255.0 255.0
shape window260 rectangle
motion window260 1.0 460.0 1090.0 20.0 20.0 255.0 255.0 255.0  window260 1.0 460.0 1090.0 20.0 20.0 255.0 255.0 255.0
motion window260 1.0 460.0 1090.0 20.0 20.0 255.0 255.0 255.0  window260 20.0 460.0 1090.0 20.0 20.0 255.0 255.0 255.0
motion window260 20.0 460.0 1090.0 20.0 20.0 255.0 255.0 255.0  window260 60.0 460.0 470.0 20.0 20.0 255.0 255.0 255.0
motion window260 60.0 460.0 470.0 20.0 20.0 255.0 255.0 255.0  window260 200.0 460.0 470.0 20.0 20.0 255.0 255.0 255.0
shape window261 rectangle
motion window261 1.0 500.0 1090.0 20.0 20.0 255.0 255.0 255.0  window261 1.0 500.0 1090.0 20.0 20.0 255.0 255.0 255.0
motion window261 1.0 500.0 1090.0 20.0 20.0 255.0 255.0 255.0  window261 20.0 500.0 1090.0 20.0 20.0 255.0 255.0 255.0
motion window261 20.0 500.0 1090.0 20.0 20.0 255.0 255.0 255.0  window261 60.0 500.0 470.0 20.0 20.0 255.0 255.0 255.0
motion window261 60.0 500.0 470.0 20.0 20.0 255.0 255.0 255.0  window261 96.0 500.0 470.0 20.0 20.0 255.0 255.0 255.0
motion window261 96.0 500.0 470.0 20.0 20.0 255.0 255.0 255.0  window261 101.0 500.0 470.0 20.0 20.0 255.0 255.0 0.0
motion window261 101.0 500.0 470.0 20.0 20.0 255.0 255.0 0.0  window261 200.0 500.0 470.0 20.0 20.0 255.0 255.0 0.0
shape window270 rectangle
motion window270 1.0 460.0 1130.0 20.0 20.0 255.0 255.0 255.0  window270 1.0 460.0 1130.0 20.0 20.0 255.0 255.0 255.0
motion window270 1.0 460.0 1130.0 20.0 20.0 255.0 255.0 255.0  window270 20.0 460.0 1130.0 20.0 20.0 255.0 255.0 255.0
motion window270 20.0 460.0 1130.0 20.0 20.0 255.0 255.0 255.0  window270 60.0 460.0 430.0 20.0 20.0 255.0 255.0 255.0
motion window270 60.0 460.0 430.0 20.0 20.0 255.0 255.0 255.0  window270 200.0 460.0 430.0 20.0 20.0 255.0 255.0 255.0
shape window271 rectangle
motion window271 1.0 500.0 1130.0 20.0 20.0 255.0 255.0 255.0  window271 1.0 500.0 1130.0 20.0 20.0 255.0 255.0 255.0
motion window271 1.0 500.0 1130.0 20.0 20.0 255.0 255.0 255.0  window271 20.0 500.0 1130.0 20.0 20.0 255.0 255.0 255.0
motion window271 20.0 500.0 1130.0 20.0 20.0 255.0 255.0 255.0  window271 60.0 500.0 430.0 20.0 20.0 255.0 255.0 255.0
motion window271 60.0 500.0 430.0 20.0 20.0 255.0 255.0 255.0  window271 200.0 500.0 430.0 20.0 20.0 255.0 255.0 255.0
shape window300 rectangle
motion window300 1.0 640.0 -750.0 20.0 20.0 255.0 255.0 255.0  window300 1.0 640.0 -750.0 20.0 20.0 255.0 255.0 255.0
motion window300 1.0 640.0 -750.0 20.0 20.0 255.0 255.0 255.0  window300 20.0 640.0 -750.0 20.0 20.0 255.0 255.0 255.0
motion window300 20.0 640.0 -750.0 20.0 20.0 255.0 255.0 255.0  window300 60.0 640.0 710.0 20.0 20.0 255.0 255.0 255.0
motion window300 60.0 640.0 710.0 20.0 20.0 255.0 255.0 255.0  window300 200.0 640.0 710.0 20.0 20.0 255.0 255.0 255.0
shape window301 rectangle
motion window301 1.0 680.0 -750.0 20.0 20.0 255.0 255.0 255.0  window301 1.0 680.0 -750.0 20.0 20.0 255.0 255.0 255.0
motion window301 1.0 680.0 -750.0 20.0 20.0 255.0 255.0 255.0  window301 20.0 680.0 -750.0 20.0 20.0 255.0 255.0 255.0
motion window301 20.0 680.0 -750.0 20.0 20.0 255.0 255.0 255.0  window301 60.0 680.0 710.0 20.0 20.0 255.0 255.0 255.0
motion window301 60.0 680.0 710.0 20.0 20.0 255.0 255.0 255.0  window301 135.0 680.0 710.0 20.0 20.0 255.0 255.0 255.0
motion window301 135.0 680.0 710.0 20.0 20.0 255.0 255.0 255.0  window301 140.0 680.0 710.0 20.0 20.0 255.0 255.0 0.0
motion window301 140.0 680.0 710.0 20.0 20.0 255.0 255.0 0.0  window301 200.0 680.0 710.0 20.0 20.0 255.0 255.0 0.0
shape window310 rectangle
motion window310 1.0 640.0 -710.0 20.0 20.0 255.0 255.0 255.0  window310 1.0 640.0 -710.0 20.0 20.0 255.0 255.0 255.0
motion window310 1.0 640.0 -710.0 20.0 20.0 255.0 255.0 255.0  window310 20.0 640.0 -710.0 20.0 20.0 255.0 255.0 255.0
motion window310 20.0 640.0 -710.0 20.0 20.0 255.0 255.0 255.0  window310 60.0 640.0 670.0 20.0 20.0 255.0 255.0 255.0
motion window310 60.0 640.0 670.0 20.0 20.0 255.0 255.0 255.0  window310 103.0 640.0 670.0 20.0 20.0 255.0 255.0 255.0
motion window310 103.0 640.0 670.0 20.0 20.0 255.0 255.0 255.0  window310 108.0 640.0 670.0 20.0 20.0 255.0 255.0 0.0
motion window310 108.0 640.0 670.0 20.0 20.0 255.0 255.0 0.0  window310 200.0 640.0 670.0 20.0 20.0 255.0 255.0 0.0
shape window311 rectangle
motion window311 1.0 680.0 -710.0 20.0 20.0 255.0 255.0 255.0  window311 1.0 680.0 -710.0 20.0 20.0 255.0 255.0 255.0
motion window311 1.0 680.0 -710.0 20.0 20.0 255.0 255.0 255.0  window311 20.0 680.0 -710.0 20.0 20.0 255.0 255.0 255.0
motion window311 20.0 680.0 -710.0 20.0 20.0 255.0 255.0 255.0  window311 60.0 680.0 670.0 20.0 20.0 255.0 255.0 255.0
motion window311 60.0 680.0 670.0 20.0 20.0 255.0 255.0 255.0  window311 200.0 680.0 670.0 20.0 20.0 255.0 255.0 255.0
shape window320 rectangle
motion window320 1.0 640.0 -670.0 20.0 20.0 255.0 255.0 255.0  window320 1.0 640.0 -670.0 20.0 20.0 255.0 255.0 255.0
motion window320 1.0 640.0 -670.0 20.0 20.0 255.0 255.0 255.0  window320 20.0 640.0 -670.0 20.0 20.0 255.0 255.0 255.0
motion window320 20.0 640.0 -670.0 20.0 20.0 255.0 255.0 255.0  window320 60.0 640.0 630.0 20.0 20.0 255.0 255.0 255.0
motion window320 60.0 640.0 630.0 20.0 20.0 255.0 255.0 255.0  window320 200.0 640.0 630.0 20.0 20.0 255.0 255.0 255.0
shape window321 rectangle
motion window321 1.0 680.0 -670.0 20.0 20.0 255.0 255.0 255.0  window321 1.0 680.0 -670.0 20.0 20.0 255.0 255.0 255.0
motion window321 1.0 680.0 -670.0 20.0 20.0 255.0 255.0 255.0  window321 20.0 680.0 -670.0 20.0 20.0 255.0 255.0 255.0
motion window321 20.0 680.0 -670.0 20.0 20.0 255.0 255.0 255.0  window321 60.0 680.0 630.0 20.0 20.0 255.0 255.0 255.0
motion window321 60.0 680.0 630.0 20.0 20.0 255.0 255.0 255.0  window321 200.0 680.0 630.0 20.0 20.0 255.0 255.0 255.0
shape window330 rectangle
motion window330 1.0 640.0 -630.0 20.0 20.0 255.0 255.0 255.0  window330 1.0 640.0 -630.0 20.0 20.0 255.0 255.0 255.0
motion window330 1.0 640.0 -630.0 20.0 20.0 255.0 255.0 255.0  window330 20.0 640.0 -630.0 20.0 20.0 255.0 255.0 255.0
motion window330 20.0 640.0 -630.0 20.0 20.0 255.0 255.0 255.0  window330 60.0 640.0 590.0 20.0 20.0 255.0 255.0 255.0
motion window330 60.0 640.0 590.0 20.0 20.0 255.0 255.0 255.0  window330 81.0 640.0 590.0 20.0 20.0 255.0 255.0 255.0
motion window330 81.0 640.0 590.0 20.0 20.0 255.0 255.0 255.0  window330 86.0 640.0 590.0 20.0 20.0 255.0 255.0 0.0
motion window330 86.0 640.0 590.0 20.0 20.0 255.0 255.0 0.0  window330 200.0 640.0 590.0 20.0 20.0 255.0 255.0 0.0
shape window331 rectangle
motion window331 1.0 680.0 -630.0 20.0 20.0 255.0 255.0 255.0  window331 1.0 680.0 -630.0 20.0 20.0 255.0 255.0 255.0
motion window331 1.0 680.0 -630.0 20.0 20.0 255.0 255.0 255.0  window331 20.0 680.0 -630.0 20.0 20.0 255.0 255.0 255.0
motion window331 20.0 680.0 -630.0 20.0 20.0 255.0 255.0 255.0  window331 60.0 680.0 590.0 20.0 20.0 255.0 255.0 255.0
motion window331 60.0 680.0 590.0 20.0 20.0 255.0 255.0 255.0  window331 119.0 680.0 590.0 20.0 20.0 255.0 255.0 255.0
motion window331 119.0 680.0 590.0 20.0 20.0 255.0 255.0 255.0  window331 124.0 680.0 590.0 20.0 20.0 255.0 255.0 0.0
motion window331 124.0 680.0 590.0 20.0 20.0 255.0 255.0 0.0  window331 200.0 680.0 590.0 20.0 20.0 255.0 255.0 0.0
shape window340 rectangle
motion window340 1.0 640.0 -590.0 20.0 20.0 255.0 255.0 255.0  window340 1.0 640.0 -590.0 20.0 20.0 255.0 255.0 255.0
motion window340 1.0 640.0 -590.0 20.0 20.0 255.0 255.0 255.0  window340 20.0 640.0 -590.0 20.0 20.0 255.0 255.0 255.0
motion window340 20.0 640.0 -590.0 20.0 20.0 255.0 255.0 255.0  window340 60.0 640.0 550.0 20.0 20.0 255.0 255.0 255.0
motion window340 60.0 640.0 550.0 20.0 20.0 255.0 255.0 255.0  window340 200.0 640.0 550.0 20.0 20.0 255.0 255.0 255.0
shape window341 rectangle
motion window341 1.0 680.0 -590.0 20.0 20.0 255.0 255.0 255.0  window341 1.0 680.0 -590.0 20.0 20.0 255.0 255.0 255.0
motion window341 1.0 680.0 -590.0 20.0 20.0 255.0 255.0 255.0  window341 20.0 680.0 -590.0 20.0 20.0 255.0 255.0 255.0
motion window341 20.0 680.0 -590.0 20.0 20.0 255.0 255.0 255.0  window341 60.0 680.0 550.0 20.0 20.0 255.0 255.0 255.0
motion window341 60.0 680.0 550.0 20.0 20.0 255.0 255.0 255.0  window341 200.0 680.0 550.0 20.0 20.0 255.0 255.0 255.0
shape window350 rectangle
motion window350 1.0 640.0 -550.0 20.0 20.0 255.0 255.0 255.0  window350 1.0 640.0 -550.0 20.0 20.0 255.0 255.0 255.0
motion window350 1.0 640.0 -550.0 20.0 20.0 255.0 255.0 255.0  window350 20.0 640.0 -550.0 20.0 20.0 255.0 255.0 255.0
motion window350 20.0 640.0 -550.0 20.0 20.0 255.0 255.0 255.0  window350 60.0 640.0 510.0 20.0 20.0 255.0 255.0 255.0
motion window350 60.0 640.0 510.0 20.0 20.0 255.0 255.0 255.0  window350 200.0 640.0 510.0 20.0 20.0 255.0 255.0 255.0
shape window351 rectangle
motion window351 1.0 680.0 -550.0 20.0 20.0 255.0 255.0 255.0  window351 1.0 680.0 -550.0 20.0 20.0 255.0 255.0 255.0
motion window351 1.0 680.0 -550.0 20.0 20.0 255.0 255.0 255.0  window351 20.0 680.0 -550.0 20.0 20.0 255.0 255.0 255.0
motion window351 20.0 680.0 -550.0 20.0 20.0 255.0 255.0 255.0  window351 60.0 680.0 510.0 20.0 20.0 255.0 255.0 255.0
motion window351 60.0 680.0 510.0 20.0 20.0 255.0 255.0 255.0  window351 100.0 680.0 510.0 20.0 20.0 255.0 255.0 255.0
motion window351 100.0 680.0 510.0 20.0 20.0 255.0 255.0 255.0  window351 105.0 680.0 510.0 20.0 20.0 255.0 255.0 0.0
motion window351 105.0 680.0 510.0 20.0 20.0 255.0 255.0 0.0  window351 200.0 680.0 510.0 20.0 20.0 255.0 255.0 0.0
shape window360 rectangle
motion window360 1.0 640.0 -510.0 20.0 20.0 255.0 255.0 255.0  window360 1.0 640.0 -510.0 20.0 20.0 255.0 255.0 255.0
motion window360 1.0 640.0 -510.0 20.0 20.0 255.0 255.0 255.0  window360 20.0 640.0 -510.0 20.0 20.0 255.0 255.0 255.0
motion window360 20.0 640.0 -510.0 20.0 20.0 255.0 255.0 255.0  window360 60.0 640.0 470.0 20.0 20.0 255.0 255.0 255.0
motion window360 60.0 640.0 470.0 20.0 20.0 255.0 255.0 255.0  window360 99.0 640.0 470.0 20.0 20.0 255.0 255.0 255.0
motion window360 99.0 640.0 470.0 20.0 20.0 255.0 255.0 255.0  window360 104.0 640.0 470.0 20.0 20.0 255.0 255.0 0.0
motion window360 104.0 640.0 470.0 20.0 20.0 255.0 255.0 0.0  window360 200.0 640.0 470.0 20.0 20.0 255.0 255.0 0.0
shape window361 rectangle
motion window361 1.0 680.0 -510.0 20.0 20.0 255.0 255.0 255.0  window361 1.0 680.0 -510.0 20.0 20.0 255.0 255.0 255.0
motion window361 1.0 680.0 -510.0 20.0 20.0 255.0 255.0 255.0  window361 20.0 680.0 -510.0 20.0 20.0 255.0 255.0 255.0
motion window361 20.0 680.0 -510.0 20.0 20.0 255.0 255.0 255.0  window361 60.0 680.0 470.0 20.0 20.0 255.0 255.0 255.0
motion window361 60.0 680.0 470.0 20.0 20.0 255.0 255.0 255.0  window361 99.0 680.0 470.0 20.0 20.0 255.0 255.0 255.0
motion window361 99.0 680.0 470.0 20.0 20.0 255.0 255.0 255.0  window361 104.0 680.0 470.0 20.0 20.0 255.0 255.0 0.0
motion window361 104.0 680.0 470.0 20.0 20.0 255.0 255.0 0.0  window361 200.0 680.0 470.0 20.0 20.0 255.0 255.0 0.0
shape moon ellipse
motion moon 1.0 200.0 200.0 100.0 100.0 229.0 229.0 255.0  moon 1.0 200.0 200.0 100.0 100.0 229.0 229.0 255.0
motion moon 1.0 200.0 200.0 100.0 100.0 229.0 229.0 255.0  moon 200.0 200.0 200.0 100.0 100.0 229.0 229.0 255.0
shape eclipse ellipse
motion eclipse 1.0 400.0 0.0 100.0 100.0 33.0 94.0 248.0  eclipse 1.0 400.0 0.0 100.0 100.0 33.0 94.0 248.0
motion eclipse 1.0 400.0 0.0 100.0 100.0 33.0 94.0 248.0  eclipse 50.0 400.0 0.0 100.0 100.0 33.0 94.0 248.0
motion eclipse 50.0 400.0 0.0 100.0 100.0 33.0 94.0 248.0  eclipse 90.0 230.0 180.0 100.0 100.0 16.0 45.0 248.0
motion eclipse 90.0 230.0 180.0 100.0 100.0 16.0 45.0 248.0  eclipse 200.0 230.0 180.0 100.0 100.0 16.0 45.0 248.0
shape star0 ellipse
motion star0 108.0 223.0 66.0 6.0 6.0 255.0 255.0 255.0  star0 108.0 223.0 66.0 6.0 6.0 255.0 255.0 255.0
motion star0 108.0 223.0 66.0 6.0 6.0 255.0 255.0 255.0  star0 200.0 223.0 66.0 6.0 6.0 255.0 255.0 255.0
shape star1 ellipse
motion star1 120.0 585.0 211.0 6.0 6.0 255.0 255.0 255.0  star1 120.0 585.0 211.0 6.0 6.0 255.0 255.0 255.0
motion star1 120.0 585.0 211.0 6.0 6.0 255.0 255.0 255.0  star1 200.0 585.0 211.0 6.0 6.0 255.0 255.0 255.0
shape star2 ellipse
motion star2 110.0 489.0 77.0 6.0 6.0 255.0 255.0 255.0  star2 110.0 489.0 77.0 6.0 6.0 255.0 255.0 255.0
motion star2 110.0 489.0 77.0 6.0 6.0 255.0 255.0 255.0  star2 200.0 489.0 77.0 6.0 6.0 255.0 255.0 255.0
shape star3 ellipse
motion star3 93.0 374.0 286.0 6.0 6.0 255.0 255.0 255.0  star3 93.0 374.0 286.0 6.0 6.0 255.0 255.0 255.0
motion star3 93.0 374.0 286.0 6.0 6.0 255.0 255.0 255.0  star3 200.0 374.0 286.0 6.0 6.0 255.0 255.0 255.0
shape star4 ellipse
motion star4 83.0 708.0 281.0 6.0 6.0 255.0 255.0 255.0  star4 83.0 708.0 281.0 6.0 6.0 255.0 255.0 255.0
motion star4 83.0 708.0 281.0 6.0 6.0 255.0 255.0 255.0  star4 200.0 708.0 281.0 6.0 6.0 255.0 255.0 255.0
shape star5 ellipse
motion star5 97.0 508.0 260.0 6.0 6.0 255.0 255.0 255.0  star5 97.0 508.0 260.0 6.0 6.0 255.0 255.0 255.0
motion star5 97.0 508.0 260.0 6.0 6.0 255.0 255.0 255.0  star5 200.0 508.0 260.0 6.0 6.0 255.0 255.0 255.0
shape star6 ellipse
motion star6 92.0 529.0 70.0 6.0 6.0 255.0 255.0 255.0  star6 92.0 529.0 70.0 6.0 6.0 255.0 255.0 255.0
motion star6 92.0 529.0 70.0 6.0 6.0 255.0 255.0 255.0  star6 200.0 529.0 70.0 6.0 6.0 255.0 255.0 255.0
shape star7 ellipse
motion star7 117.0 332.0 65.0 6.0 6.0 255.0 255.0 255.0  star7 117.0 332.0 65.0 6.0 6.0 255.0 255.0 255.0
motion star7 117.0 332.0 65.0 6.0 6.0 255.0 255.0 255.0  star7 200.0 332.0 65.0 6.0 6.0 255.0 255.0 255.0
shape star8 ellipse
motion star8 86.0 311.0 147.0 6.0 6.0 255.0 255.0 255.0  star8 86.0 311.0 147.0 6.0 6.0 255.0 255.0 255.0
motion star8 86.0 311.0 147.0 6.0 6.0 255.0 255.0 255.0  star8 200.0 311.0 147.0 6.0 6.0 255.0 255.0 255.0
shape star9 ellipse
motion star9 88.0 170.0 281.0 6.0 6.0 255.0 255.0 255.0  star9 88.0 170.0 281.0 6.0 6.0 255.0 255.0 255.0
motion star9 88.0 170.0 281.0 6.0 6.0 255.0 255.0 255.0  star9 200.0 170.0 281.0 6.0 6.0 255.0 255.0 255.0
shape star10 ellipse
motion star10 90.0 719.0 102.0 6.0 6.0 255.0 255.0 255.0  star10 90.0 719.0 102.0 6.0 6.0 255.0 255.0 255.0
motion star10 90.0 719.0 102.0 6.0 6.0 255.0 255.0 255.0  star10 200.0 719.0 102.0 6.0 6.0 255.0 255.0 255.0
shape star11 ellipse
motion star11 129.0 524.0 264.0 6.0 6.0 255.0 255.0 255.0  star11 129.0 524.0 264.0 6.0 6.0 255.0 255.0 255.0
motion star11 129.0 524.0 264.0 6.0 6.0 255.0 255.0 255.0  star11 200.0 524.0 264.0 6.0 6.0 255.0 255.0 255.0
shape star12 ellipse
motion star12 86.0 768.0 194.0 6.0 6.0 255.0 255.0 255.0  star12 86.0 768.0 194.0 6.0 6.0 255.0 255.0 255.0
motion star12 86.0 768.0 194.0 6.0 6.0 255.0 255.0 255.0  star12 200.0 768.0 194.0 6.0 6.0 255.0 255.0 255.0
shape star13 ellipse
motion star13 113.0 766.0 179.0 6.0 6.0 255.0 255.0 255.0  star13 113.0 766.0 179.0 6.0 6.0 255.0 255.0 255.0
motion star13 113.0 766.0 179.0 6.0 6.0 255.0 255.0 255.0  star13 200.0 766.0 179.0 6.0 6.0 255.0 255.0 255.0
shape star14 ellipse
motion star14 98.0 510.0 78.0 6.0 6.0 255.0 255.0 255.0  star14 98.0 510.0 78.0 6.0 6.0 255.0 255.0 255.0
motion star14 98.0 510.0 78.0 6.0 6.0 255.0 255.0 255.0  star14 200.0 510.0 78.0 6.0 6.0 255.0 255.0 255.0
shape star15 ellipse
motion star15 114.0 621.0 149.0 6.0 6.0 255.0 255.0 255.0  star15 114.0 621.0 149.0 6.0 6.0 255.0 255.0 255.0
motion star15 114.0 621.0 149.0 6.0 6.0 255.0 255.0 255.0  star15 200.0 621.0 149.0 6.0 6.0 255.0 255.0 255.0
shape star16 ellipse
motion star16 106.0 491.0 252.0 6.0 6.0 255.0 255.0 255.0  star16 106.0 491.0 252.0 6.0 6.0 255.0 255.0 255.0
motion star16 106.0 491.0 252.0 6.0 6.0 255.0 255.0 255.0  star16 200.0 491.0 252.0 6.0 6.0 255.0 255.0 255.0
shape star17 ellipse
motion star17 89.0 405.0 63.0 6.0 6.0 255.0 255.0 255.0  star17 89.0 405.0 63.0 6.0 6.0 255.0 255.0 255.0
motion star17 89.0 405.0 63.0 6.0 6.0 255.0 255.0 255.0  star17 200.0 405.0 63.0 6.0 6.0 255.0 255.0 255.0
shape star18 ellipse
motion star18 113.0 550.0 267.0 6.0 6.0 255.0 255.0 255.0  star18 113.0 550.0 267.0 6.0 6.0 255.0 255.0 255.0
motion star18 113.0 550.0 267.0 6.0 6.0 255.0 255.0 255.0  star18 200.0 550.0 267.0 6.0 6.0 255.0 255.0 255.0
shape star19 ellipse
motion star19 94.0 108.0 197.0 6.0 6.0 255.0 255.0 255.0  star19 94.0 108.0 197.0 6.0 6.0 255.0 255.0 255.0
motion star19 94.0 108.0 197.0 6.0 6.0 255.0 255.0 255.0  star19 200.0 108.0 197.0 6.0 6.0 255.0 255.0 255.0
shape star20 ellipse
motion star20 103.0 737.0 78.0 6.0 6.0 255.0 255.0 255.0  star20 103.0 737.0 78.0 6.0 6.0 255.0 255.0 255.0
motion star20 103.0 737.0 78.0 6.0 6.0 255.0 255.0 255.0  star20 200.0 737.0 78.0 6.0 6.0 255.0 255.0 255.0
shape star21 ellipse
motion star21 126.0 795.0 137.0 6.0 6.0 255.0 255.0 255.0  star21 126.0 795.0 137.0 6.0 6.0 255.0 255.0 255.0
motion star21 126.0 795.0 137.0 6.0 6.0 255.0 255.0 255.0  star21 200.0 795.0 137.0 6.0 6.0 255.0 255.0 255.0
shape star22 ellipse
motion star22 89.0 184.0 125.0 6.0 6.0 255.0 255.0 255.0  star22 89.0 184.0 125.0 6.0 6.0 255.0 255.0 255.0
motion star22 89.0 184.0 125.0 6.0 6.0 255.0 255.0 255.0  star22 200.0 184.0 125.0 6.0 6.0 255.0 255.0 255.0
shape star23 ellipse
motion star23 96.0 134.0 230.0 6.0 6.0 255.0 255.0 255.0  star23 96.0 134.0 230.0 6.0 6.0 255.0 255.0 255.0
motion star23 96.0 134.0 230.0 6.0 6.0 255.0 255.0 255.0  star23 200.0 134.0 230.0 6.0 6.0 255.0 255.0 255.0
shape star24 ellipse
motion star24 120.0 244.0 153.0 6.0 6.0 255.0 255.0 255.0  star24 120.0 244.0 153.0 6.0 6.0 255.0 255.0 255.0
motion star24 120.0 244.0 153.0 6.0 6.0 255.0 255.0 255.0  star24 200.0 244.0 153.0 6.0 6.0 255.0 255.0 255.0
shape star25 ellipse
motion star25 112.0 259.0 119.0 6.0 6.0 255.0 255.0 255.0  star25 112.0 259.0 119.0 6.0 6.0 255.0 255.0 255.0
motion star25 112.0 259.0 119.0 6.0 6.0 255.0 255.0 255.0  star25 200.0 259.0 119.0 6.0 6.0 255.0 255.0 255.0
shape star26 ellipse
motion star26 106.0 322.0 269.0 6.0 6.0 255.0 255.0 255.0  star26 106.0 322.0 269.0 6.0 6.0 255.0 255.0 255.0
motion star26 106.0 322.0 269.0 6.0 6.0 255.0 255.0 255.0  star26 200.0 322.0 269.0 6.0 6.0 255.0 255.0 255.0
shape star27 ellipse
motion star27 117.0 412.0 182.0 6.0 6.0 255.0 255.0 255.0  star27 117.0 412.0 182.0 6.0 6.0 255.0 255.0 255.0
motion star27 117.0 412.0 182.0 6.0 6.0 255.0 255.0 255.0  star27 200.0 412.0 182.0 6.0 6.0 255.0 255.0 255.0
shape star28 ellipse
motion star28 119.0 674.0 137.0 6.0 6.0 255.0 255.0 255.0  star28 119.0 674.0 137.0 6.0 6.0 255.0 255.0 255.0
motion star28 119.0 674.0 137.0 6.0 6.0 255.0 255.0 255.0  star28 200.0 674.0 137.0 6.0 6.0 255.0 255.0 255.0
shape star29 ellipse
motion star29 96.0 46.0 246.0 6.0 6.0 255.0 255.0 255.0  star29 96.0 46.0 246.0 6.0 6.0 255.0 255.0 255.0
motion star29 96.0 46.0 246.0 6.0 6.0 255.0 255.0 255.0  star29 200.0 46.0 246.0 6.0 6.0 255.0 255.0 255.0
shape star30 ellipse
motion star30 123.0 388.0 315.0 6.0 6.0 255.0 255.0 255.0  star30 123.0 388.0 315.0 6.0 6.0 255.0 255.0 255.0
motion star30 123.0 388.0 315.0 6.0 6.0 255.0 255.0 255.0  star30 200.0 388.0 315.0 6.0 6.0 255.0 255.0 255.0
shape star31 ellipse
motion star31 121.0 185.0 236.0 6.0 6.0 255.0 255.0 255.0  star31 121.0 185.0 236.0 6.0 6.0 255.0 255.0 255.0
motion star31 121.0 185.0 236.0 6.0 6.0 255.0 255.0 255.0  star31 200.0 185.0 236.0 6.0 6.0 255.0 255.0 255.0
shape star32 ellipse
motion star32 109.0 550.0 232.0 6.0 6.0 255.0 255.0 255.0  star32 109.0 550.0 232.0 6.0 6.0 255.0 255.0 255.0
motion star32 109.0 550.0 232.0 6.0 6.0 255.0 255.0 255.0  star32 200.0 550.0 232.0 6.0 6.0 255.0 255.0 255.0
shape star33 ellipse
motion star33 94.0 656.0 101.0 6.0 6.0 255.0 255.0 255.0  star33 94.0 656.0 101.0 6.0 6.0 255.0 255.0 255.0
motion star33 94.0 656.0 101.0 6.0 6.0 255.0 255.0 255.0  star33 200.0 656.0 101.0 6.0 6.0 255.0 255.0 255.0
shape star34 ellipse
motion star34 84.0 283.0 111.0 6.0 6.0 255.0 255.0 255.0  star34 84.0 283.0 111.0 6.0 6.0 255.0 255.0 255.0
motion star34 84.0 283.0 111.0 6.0 6.0 255.0 255.0 255.0  star34 200.0 283.0 111.0 6.0 6.0 255.0 255.0 255.0
shape star35 ellipse
motion star35 92.0 649.0 326.0 6.0 6.0 255.0 255.0 255.0  star35 92.0 649.0 326.0 6.0 6.0 255.0 255.0 255.0
motion star35 92.0 649.0 326.0 6.0 6.0 255.0 255.0 255.0  star35 200.0 649.0 326.0 6.0 6.0 255.0 255.0 255.0
shape star36 ellipse
motion star36 115.0 691.0 267.0 6.0 6.0 255.0 255.0 255.0  star36 115.0 691.0 267.0 6.0 6.0 255.0 255.0 255.0
motion star36 115.0 691.0 267.0 6.0 6.0 255.0 255.0 255.0  star36 200.0 691.0 267.0 6.0 6.0 255.0 255.0 255.0
shape star37 ellipse
motion star37 99.0 113.0 276.0 6.0 6.0 255.0 255.0 255.0  star37 99.0 113.0 276.0 6.0 6.0 255.0 255.0 255.0
motion star37 99.0 113.0 276.0 6.0 6.0 255.0 255.0 255.0  star37 200.0 113.0 276.0 6.0 6.0 255.0 255.0 255.0
shape star38 ellipse
motion star38 99.0 604.0 302.0 6.0 6.0 255.0 255.0 255.0  star38 99.0 604.0 302.0 6.0 6.0 255.0 255.0 255.0
motion star38 99.0 604.0 302.0 6.0 6.0 255.0 255.0 255.0  star38 200.0 604.0 302.0 6.0 6.0 255.0 255.0 255.0
shape star39 ellipse
motion star39 127.0 462.0 162.0 6.0 6.0 255.0 255.0 255.0  star39 127.0 462.0 162.0 6.0 6.0 255.0 255.0 255.0
motion star39 127.0 462.0 162.0 6.0 6.0 255.0 255.0 255.0  star39 200.0 462.0 162.0 6.0 6.0 255.0 255.0 255.0
